0 0.565313 0.624217 0.676822 0.749503 0.945327
0 0.904491 0.717924 0.190058 0.428002 0.891302
0 0.309325 0.673504 0.110516 0.159675 0.629788
0 0.0227957 0.631317 0.0450085 0.138797 0.621811
60 0.933792 0.956061 0.13102 0.0870443 0.618582
0 0.201528 0.684286 0.113322 0.103257 0.511677
0 0.752524 0.686888 0.0932402 0.123771 0.470934
0 0.757711 0.711071 0.110676 0.171371 0.438558
24 0.111074 0.902269 0.222142 0.195161 0.38128
0 0.216174 0.677342 0.083263 0.0883748 0.350307
0 0.0681459 0.672163 0.13584 0.220542 0.304005
56 0.0548119 0.968302 0.107288 0.0626564 0.300043
0 0.346145 0.735125 0.161878 0.335352 0.263623
