0 0.566738 0.624765 0.670078 0.748424 0.938007
0 0.904037 0.716285 0.190942 0.425246 0.896071
0 0.757971 0.684394 0.104091 0.134336 0.762864
0 0.201126 0.682432 0.111254 0.100441 0.704559
60 0.930646 0.955248 0.137843 0.0879716 0.633375
0 0.021076 0.637933 0.0418718 0.122189 0.53849
0 0.302862 0.673369 0.119356 0.160851 0.454267
24 0.111572 0.901784 0.222989 0.196395 0.391974
56 0.0544122 0.968355 0.106554 0.0625186 0.341642
0 0.0685218 0.677689 0.136364 0.209042 0.285095
63 0.972465 0.880363 0.0543615 0.0547218 0.262631
0 0.324762 0.802781 0.121586 0.204698 0.251871
