0 0.564427 0.624477 0.671761 0.748755 0.946214
0 0.90436 0.714826 0.190342 0.423156 0.879175
0 0.031087 0.636045 0.0618258 0.133179 0.747878
0 0.753478 0.684196 0.0915186 0.118278 0.707293
60 0.930994 0.954297 0.137042 0.0897415 0.600422
0 0.201718 0.682567 0.111213 0.099821 0.598034
56 0.0548306 0.968466 0.106868 0.0622337 0.442689
24 0.111673 0.901615 0.22326 0.196212 0.404186
0 0.310124 0.673755 0.121506 0.161106 0.376047
0 0.283787 0.674654 0.171567 0.163428 0.349277
0 0.34885 0.73639 0.165715 0.332575 0.276826
0 0.214374 0.677512 0.0863855 0.0890808 0.267954
63 0.972341 0.877717 0.0544634 0.0547541 0.258864
