0 0.568166 0.635895 0.658034 0.726137 0.947208
0 0.75473 0.685087 0.09572 0.119392 0.837879
0 0.904589 0.719545 0.189932 0.426729 0.801812
0 0.274432 0.674787 0.116725 0.161771 0.720945
0 0.20095 0.682293 0.11242 0.0982016 0.708299
0 0.329349 0.823815 0.115273 0.164145 0.51271
63 0.672246 0.764553 0.0588743 0.142473 0.51146
63 0.682556 0.703033 0.0548534 0.0697823 0.505821
0 0.0206305 0.641922 0.0408546 0.115053 0.49539
0 0.681368 0.644114 0.0505044 0.0638662 0.391536
0 0.682049 0.674002 0.0553638 0.12508 0.370085
56 0.0543479 0.968177 0.107148 0.062647 0.334356
0 0.0680142 0.681496 0.135767 0.199503 0.281813
24 0.111466 0.902694 0.222776 0.194195 0.267966
