0 0.566867 0.624526 0.668672 0.748507 0.945594
0 0.904537 0.718853 0.189979 0.425207 0.884483
0 0.201415 0.683949 0.1117 0.101575 0.715732
60 0.930917 0.954699 0.136901 0.0897602 0.57479
0 0.754374 0.684806 0.0915712 0.123251 0.571866
0 0.286928 0.675742 0.149552 0.163575 0.541177
0 0.0210564 0.643705 0.0417135 0.11404 0.461232
24 0.111572 0.900905 0.222863 0.19819 0.419918
63 0.672139 0.762236 0.059664 0.138138 0.402752
56 0.0545651 0.968543 0.106439 0.0621374 0.371082
0 0.324245 0.805252 0.123481 0.202668 0.369123
0 0.0675889 0.68307 0.134603 0.197925 0.327854
