0 0.566934 0.623737 0.673308 0.750799 0.939994
0 0.905876 0.720762 0.187507 0.425389 0.862067
0 0.752299 0.684096 0.0945823 0.119223 0.76967
0 0.201254 0.681092 0.111964 0.0987162 0.729901
0 0.295281 0.673516 0.161421 0.161939 0.714151
0 0.0222489 0.627385 0.0442122 0.145868 0.641827
60 0.931915 0.955684 0.135094 0.0871633 0.589684
0 0.691084 0.679137 0.0491346 0.119962 0.549194
56 0.05467 0.968135 0.106642 0.0629506 0.428423
24 0.111496 0.900359 0.221387 0.19808 0.408647
63 0.67453 0.75987 0.0548811 0.134448 0.309276
0 0.0683255 0.667059 0.136066 0.226908 0.297568
56 0.674217 0.760138 0.0551599 0.135636 0.296461
