0 0.567166 0.624552 0.670599 0.748973 0.94645
0 0.903357 0.719957 0.192334 0.420803 0.891773
0 0.0242871 0.629201 0.0481623 0.148804 0.750207
60 0.929847 0.954335 0.139378 0.0897158 0.605433
0 0.202205 0.686389 0.111244 0.10737 0.574571
0 0.754205 0.687115 0.0914491 0.121244 0.522356
0 0.301504 0.672918 0.133478 0.158878 0.409159
0 0.215738 0.675967 0.0831105 0.0862105 0.347905
24 0.111849 0.901519 0.223189 0.196759 0.341502
63 0.673993 0.761623 0.0570675 0.136981 0.305278
0 0.756885 0.713475 0.111271 0.17417 0.283624
56 0.0542421 0.968325 0.107164 0.0623614 0.271917
