0 0.568172 0.62666 0.667657 0.74466 0.944421
0 0.904195 0.717541 0.190656 0.419088 0.890524
0 0.758046 0.685626 0.0969446 0.124158 0.739109
60 0.931104 0.954398 0.136782 0.0895229 0.651171
0 0.20139 0.686624 0.111515 0.106884 0.57179
0 0.280958 0.675169 0.162269 0.163755 0.513867
0 0.331667 0.802744 0.107761 0.208467 0.500627
0 0.0211943 0.633609 0.0421883 0.1331 0.463031
24 0.111554 0.901347 0.22289 0.197306 0.393995
0 0.0671011 0.673744 0.133716 0.214645 0.344674
0 0.690334 0.674808 0.0381565 0.127899 0.332172
56 0.0541822 0.968273 0.106745 0.06272 0.323548
