0 0.55911 0.631944 0.636433 0.734109 0.888814
0 0.752525 0.684221 0.092414 0.117867 0.823951
0 0.906148 0.714424 0.18699 0.420136 0.810722
0 0.20158 0.681832 0.111406 0.0988748 0.721585
0 0.287083 0.674122 0.148864 0.16264 0.637051
0 0.0206818 0.638751 0.0409757 0.121898 0.562953
56 0.0552168 0.968103 0.107657 0.062945 0.535306
0 0.87449 0.913934 0.248923 0.17069 0.501123
63 0.666799 0.766677 0.0699506 0.149443 0.488443
0 0.683364 0.674994 0.0520485 0.125591 0.460756
0 0.33008 0.807295 0.113009 0.196626 0.431865
24 0.111235 0.90187 0.220442 0.194844 0.385918
0 0.0683242 0.678542 0.135986 0.20505 0.287696
