0 0.569833 0.629666 0.661462 0.739012 0.941934
0 0.905446 0.706302 0.188286 0.407098 0.853147
0 0.753526 0.685659 0.0947035 0.119727 0.832125
0 0.275033 0.675537 0.122557 0.163689 0.797445
0 0.201823 0.681877 0.110201 0.0972773 0.678837
0 0.673258 0.642426 0.0461295 0.0581273 0.548696
63 0.678479 0.702124 0.061599 0.0689616 0.434038
0 0.0209175 0.637489 0.0414511 0.12286 0.427048
0 0.0682984 0.677512 0.13597 0.206218 0.390053
0 0.933332 0.950842 0.132268 0.0967333 0.379777
56 0.665147 0.757263 0.0739302 0.129681 0.35116
24 0.111832 0.900045 0.223444 0.19961 0.349199
56 0.0540301 0.968173 0.106954 0.0626581 0.340635
56 0.755196 0.819851 0.118615 0.0548836 0.30659
0 0.325652 0.813175 0.118775 0.178294 0.250206
