0 0.566261 0.632048 0.654899 0.733848 0.92014
0 0.90793 0.715367 0.183303 0.422252 0.853396
0 0.753203 0.686068 0.0935616 0.122143 0.847699
0 0.289408 0.675873 0.150319 0.165384 0.787973
0 0.200972 0.682376 0.111631 0.0994703 0.714356
0 0.68575 0.642223 0.0425821 0.0552825 0.5237
0 0.0207897 0.638565 0.041187 0.122641 0.497211
56 0.0545979 0.968181 0.106683 0.0628634 0.465412
0 0.328722 0.807561 0.11445 0.19622 0.427786
63 0.667682 0.7672 0.0687321 0.14953 0.426765
56 0.760179 0.767318 0.10774 0.0564669 0.417514
24 0.111593 0.902039 0.223076 0.195318 0.4123
0 0.0666663 0.678655 0.132925 0.204597 0.345839
63 0.681583 0.70141 0.0553684 0.0717936 0.291343
56 0.755812 0.819095 0.119723 0.0552343 0.256901
