0 0.563705 0.672219 0.67415 0.654014 0.934942
0 0.866515 0.641536 0.265051 0.712191 0.912012
0 0.724135 0.680227 0.0786534 0.114021 0.77075
0 0.19967 0.680726 0.108074 0.0996676 0.698348
0 0.570647 0.627463 0.0543869 0.128761 0.573886
0 0.0679651 0.722448 0.135325 0.114697 0.407357
60 0.914338 0.957844 0.0916924 0.0831961 0.391012
63 0.641809 0.763738 0.120344 0.142676 0.372225
56 0.64149 0.763304 0.120639 0.143141 0.33703
0 0.646854 0.648255 0.0395311 0.0450137 0.314306
0 0.254758 0.6916 0.084289 0.128889 0.313578
