0 0.630733 0.657106 0.732103 0.682896 0.942277
0 0.273122 0.671186 0.122597 0.167009 0.854935
0 0.726068 0.680496 0.0773998 0.114408 0.731164
0 0.199526 0.681714 0.108117 0.100179 0.721214
0 0.905377 0.72128 0.188458 0.405795 0.539673
0 0.0674227 0.723181 0.134216 0.113688 0.532377
0 0.325179 0.827991 0.123018 0.155279 0.499832
56 0.663884 0.762336 0.0759452 0.141436 0.377756
0 0.650069 0.648871 0.036026 0.0439625 0.336055
56 0.0539085 0.96755 0.106124 0.0638453 0.319182
0 0.937782 0.718653 0.123656 0.398074 0.251204
