0 0.62151 0.659537 0.72936 0.67858 0.939513
0 0.274222 0.67256 0.127365 0.169207 0.833213
0 0.726281 0.681896 0.0764456 0.114262 0.792884
0 0.199686 0.686005 0.108321 0.104832 0.731772
0 0.324648 0.826073 0.123705 0.16385 0.527986
0 0.648161 0.652021 0.0370829 0.0475545 0.508057
56 0.656943 0.767482 0.0890858 0.147133 0.485925
0 0.949537 0.716481 0.0999441 0.40941 0.448194
0 0.87112 0.688019 0.118178 0.308081 0.36953
63 0.970474 0.902579 0.0580948 0.0980677 0.359871
0 0.0675178 0.725055 0.134467 0.116579 0.325338
0 0.906068 0.696479 0.186629 0.369567 0.257101
