0 0.603005 0.645094 0.686404 0.707831 0.892339
0 0.902496 0.722939 0.194168 0.409541 0.878502
65 0.323607 0.280555 0.193024 0.376417 0.811457
0 0.761922 0.688434 0.070403 0.12216 0.389342
0 0.336713 0.700965 0.0916278 0.0994345 0.383655
0 0.2536 0.564855 0.391705 0.86676 0.3803
0 0.502091 0.561861 0.911475 0.876277 0.358223
0 0.357341 0.756472 0.168919 0.29815 0.344048
56 0.79109 0.833543 0.0472036 0.072582 0.343638
60 0.953122 0.959191 0.0927593 0.0806703 0.340782
27 0.548916 0.983844 0.084694 0.0316392 0.331765
56 0.438058 0.782512 0.11527 0.179486 0.256527
