0 0.381024 0.609672 0.759452 0.777294 0.929438
0 0.902462 0.717181 0.194162 0.420801 0.883603
0 0.754864 0.688991 0.0972499 0.118879 0.772136
0 0.624934 0.644025 0.0714735 0.0956145 0.767472
0 0.518281 0.596226 0.193677 0.196545 0.718977
63 0.540887 0.787381 0.320529 0.190662 0.706193
56 0.791465 0.849907 0.0476294 0.10697 0.603815
60 0.858996 0.94793 0.279095 0.103268 0.499352
63 0.680901 0.701927 0.0567833 0.0693288 0.378955
0 0.317346 0.630687 0.0250035 0.0760651 0.317462
0 0.353821 0.681319 0.0484262 0.0610176 0.265447
