0 0.369809 0.595795 0.738222 0.805005 0.938318
0 0.902445 0.714692 0.194185 0.42521 0.895154
0 0.754537 0.687782 0.0961204 0.112909 0.795967
56 0.791762 0.850723 0.0484566 0.10673 0.645605
67 0.053958 0.968381 0.107414 0.0621044 0.629812
60 0.848951 0.946056 0.300815 0.107029 0.583687
0 0.632749 0.645916 0.0774242 0.0951515 0.577911
0 0.521186 0.598611 0.18901 0.19833 0.560445
0 0.356814 0.677804 0.0530262 0.0534874 0.436291
0 0.561843 0.719805 0.280529 0.443781 0.312692
63 0.681765 0.703096 0.0536931 0.0693586 0.273134
0 0.312604 0.639101 0.0432456 0.0916152 0.259194
