0 0.364328 0.58846 0.728609 0.819918 0.948321
0 0.901176 0.720153 0.196695 0.415344 0.895933
0 0.305652 0.629281 0.0492169 0.0713173 0.650669
56 0.790859 0.85045 0.0475255 0.106675 0.647218
0 0.754215 0.688538 0.0980551 0.113713 0.620505
0 0.52278 0.597631 0.181572 0.1972 0.50252
60 0.846038 0.945705 0.304465 0.107731 0.495186
0 0.565169 0.722736 0.27853 0.450399 0.470339
0 0.636198 0.645819 0.0800827 0.0920923 0.41493
0 0.352114 0.671682 0.0439445 0.0409599 0.389531
0 0.755187 0.713703 0.108504 0.163105 0.327666
56 0.0534747 0.968174 0.104925 0.0627719 0.307846
