0 0.350848 0.656274 0.700666 0.68427 0.946728
0 0.902344 0.71669 0.194372 0.425318 0.878392
0 0.303031 0.640734 0.0564923 0.0930537 0.773193
0 0.348938 0.676855 0.0416612 0.0494143 0.729288
63 0.561499 0.826942 0.279743 0.265844 0.702396
0 0.51881 0.598769 0.194512 0.197305 0.68586
0 0.75373 0.690265 0.0974697 0.116119 0.563755
0 0.756011 0.713909 0.107999 0.163451 0.455585
56 0.791879 0.850891 0.0491188 0.108436 0.425255
56 0.0546563 0.96862 0.106693 0.0618458 0.345426
0 0.656235 0.639252 0.0508479 0.0721486 0.336539
63 0.664272 0.703796 0.0891687 0.0712364 0.313879
60 0.841416 0.947438 0.314676 0.103472 0.266034
63 0.971111 0.886083 0.0564419 0.0684976 0.258789
