0 0.344182 0.661587 0.686093 0.674062 0.928409
0 0.902522 0.717233 0.194053 0.422534 0.91476
63 0.55589 0.826726 0.290772 0.265082 0.799077
0 0.302492 0.651249 0.0564876 0.115145 0.78271
0 0.520722 0.598607 0.197254 0.196772 0.744228
0 0.754823 0.689221 0.0991911 0.115701 0.713718
0 0.349144 0.677307 0.0443141 0.0504164 0.649439
56 0.791612 0.852157 0.0481889 0.106182 0.540146
0 0.639773 0.646654 0.0843077 0.0858365 0.488696
63 0.681399 0.704325 0.0553632 0.0707916 0.398049
60 0.83474 0.947437 0.327283 0.103526 0.386093
63 0.971142 0.884159 0.0564651 0.0650027 0.323932
56 0.0547916 0.96843 0.108578 0.0618685 0.309435
