0 0.902354 0.716967 0.194389 0.420999 0.892365
0 0.753914 0.688458 0.0979789 0.114735 0.799398
0 0.352919 0.643806 0.70503 0.707389 0.780354
0 0.302584 0.629715 0.0532469 0.0713454 0.776279
0 0.519571 0.598394 0.195443 0.19623 0.727222
0 0.640684 0.648122 0.0855892 0.0853329 0.619972
0 0.143062 0.642398 0.284681 0.704536 0.603885
56 0.791742 0.85134 0.0480457 0.106944 0.529997
63 0.669473 0.701561 0.0797835 0.0663287 0.505523
56 0.0545115 0.968527 0.107782 0.0617264 0.490748
63 0.557959 0.822068 0.286537 0.258884 0.448347
0 0.358953 0.675958 0.0529691 0.0489264 0.434356
60 0.846441 0.945356 0.303153 0.108427 0.341843
63 0.971229 0.898044 0.0564539 0.0935725 0.291088
0 0.560323 0.722986 0.284379 0.447643 0.265345
