0 0.380041 0.581783 0.757773 0.834461 0.946163
0 0.902445 0.719798 0.194176 0.416505 0.916636
0 0.525397 0.598585 0.171034 0.195109 0.802834
0 0.755356 0.68748 0.0976971 0.111731 0.778262
0 0.6452 0.649476 0.0842253 0.0857511 0.705064
63 0.684703 0.703383 0.0488756 0.0693731 0.660542
60 0.865281 0.949146 0.26786 0.10084 0.635118
56 0.791235 0.850573 0.0477301 0.106259 0.630043
63 0.563494 0.772622 0.275995 0.162279 0.400078
27 0.231497 0.944288 0.0457921 0.110456 0.38398
0 0.106509 0.884453 0.211984 0.231047 0.306945
56 0.75921 0.767132 0.110431 0.060224 0.295013
56 0.0543379 0.968667 0.107718 0.061659 0.26123
0 0.0122677 0.626242 0.0241391 0.139099 0.258819
