0 0.397324 0.576968 0.785371 0.844462 0.946399
0 0.902608 0.717058 0.193877 0.420425 0.904281
0 0.0244148 0.625917 0.0485268 0.143 0.793556
0 0.754873 0.689512 0.0971217 0.115813 0.745153
56 0.791527 0.851003 0.0472531 0.10516 0.709985
0 0.527859 0.598999 0.172608 0.19793 0.674003
0 0.640523 0.647637 0.0791063 0.0881495 0.670337
60 0.87759 0.949813 0.244257 0.0994827 0.652229
56 0.0546818 0.968586 0.108611 0.0615346 0.568928
63 0.662114 0.703138 0.0940702 0.070178 0.373481
56 0.758357 0.766505 0.113103 0.0614319 0.286364
