0 0.409218 0.577992 0.784912 0.842475 0.947294
0 0.900537 0.714693 0.198001 0.426518 0.910502
0 0.754784 0.687624 0.0976717 0.113546 0.796932
56 0.790857 0.850642 0.0470163 0.106391 0.679264
60 0.882089 0.949122 0.235383 0.100866 0.661102
0 0.637609 0.646569 0.0771828 0.0879565 0.63793
0 0.0261 0.621016 0.05196 0.156507 0.621976
0 0.529917 0.598773 0.173949 0.197975 0.615981
56 0.0549352 0.968068 0.107275 0.0629506 0.444943
63 0.588253 0.747249 0.227748 0.109025 0.363367
63 0.662468 0.704048 0.0932844 0.0739777 0.320887
44 0.968791 0.94094 0.0534901 0.0395002 0.299043
0 0.573219 0.650419 0.257106 0.303924 0.296541
