0 0.420361 0.579717 0.778774 0.839166 0.943785
0 0.902415 0.719929 0.194257 0.424859 0.888103
0 0.754562 0.687436 0.0971699 0.112658 0.82435
56 0.791883 0.85098 0.0486175 0.106413 0.669543
0 0.636886 0.64685 0.0777266 0.0891891 0.608773
60 0.885244 0.947716 0.22855 0.102694 0.582307
0 0.527383 0.598408 0.168563 0.199108 0.570412
56 0.758461 0.76652 0.110889 0.0600124 0.464111
0 0.572868 0.646495 0.256654 0.297484 0.33161
56 0.0543686 0.968524 0.106698 0.0620753 0.2898
60 0.757107 0.8116 0.116763 0.0440465 0.264333
