0 0.412059 0.582639 0.802845 0.833147 0.936338
0 0.901292 0.719144 0.196464 0.417422 0.905243
0 0.754989 0.688387 0.0977347 0.113983 0.738678
63 0.637469 0.73834 0.130415 0.0940575 0.657464
0 0.0262822 0.63136 0.0522026 0.139554 0.656762
56 0.79122 0.850931 0.0474504 0.106177 0.594469
56 0.054777 0.968063 0.108556 0.0627502 0.514895
0 0.647976 0.650352 0.0936308 0.0860448 0.500868
60 0.883849 0.9489 0.231729 0.100476 0.499655
63 0.97066 0.877406 0.0579338 0.0654037 0.424743
0 0.654644 0.673328 0.108271 0.13094 0.290027
0 0.514145 0.599884 0.143653 0.197634 0.288061
56 0.756887 0.765731 0.110884 0.0588534 0.267473
