0 0.404676 0.583962 0.804364 0.830562 0.947877
0 0.902381 0.720322 0.194291 0.420178 0.900738
0 0.755585 0.68741 0.094611 0.112015 0.721897
56 0.791439 0.850382 0.0487585 0.105578 0.641636
63 0.634509 0.742278 0.135397 0.0971344 0.63629
60 0.879902 0.949471 0.239045 0.100161 0.602198
0 0.656535 0.674453 0.104944 0.12855 0.513865
56 0.0547455 0.968437 0.108577 0.0619507 0.37426
0 0.516988 0.600231 0.150452 0.197429 0.348532
0 0.572848 0.648958 0.261068 0.294622 0.32664
63 0.672586 0.703685 0.0734357 0.0722108 0.325546
0 0.65328 0.654255 0.0986426 0.0875173 0.31885
0 0.0262137 0.638366 0.0522304 0.1258 0.313055
