0 0.407842 0.582671 0.809996 0.833246 0.945849
0 0.902203 0.71777 0.194622 0.422869 0.900751
63 0.635949 0.740856 0.134188 0.0972908 0.659908
56 0.790046 0.850589 0.0456987 0.107564 0.56607
0 0.521838 0.600078 0.16416 0.198392 0.556707
60 0.883358 0.949391 0.232316 0.100353 0.550155
0 0.657244 0.674023 0.103246 0.132876 0.54429
0 0.757481 0.689247 0.0957262 0.122472 0.530183
56 0.0546807 0.968175 0.106725 0.0627878 0.443517
0 0.757877 0.711918 0.112222 0.166567 0.318522
0 0.651415 0.650861 0.0901581 0.0866201 0.309191
63 0.660619 0.70464 0.097175 0.0745939 0.290978
0 0.570116 0.645057 0.261377 0.2909 0.274054
