0 0.404109 0.588682 0.79931 0.821288 0.952945
0 0.902814 0.717428 0.19339 0.419226 0.909278
0 0.756538 0.687155 0.0997783 0.120497 0.789518
56 0.791218 0.851421 0.0486336 0.105898 0.68403
63 0.628103 0.743476 0.148834 0.0993416 0.644245
0 0.654486 0.670867 0.10671 0.132593 0.642352
60 0.879325 0.95 0.240305 0.0990992 0.617313
0 0.52017 0.599959 0.161437 0.19641 0.528987
63 0.971358 0.883982 0.0565598 0.0643433 0.461743
56 0.0545777 0.968501 0.108329 0.0620032 0.361912
0 0.569909 0.648442 0.261261 0.292243 0.338359
0 0.644799 0.649346 0.0861182 0.09027 0.250776
