0 0.4054 0.577988 0.794885 0.842177 0.950435
0 0.902285 0.717492 0.194505 0.418101 0.912775
0 0.756283 0.687287 0.095697 0.120841 0.694041
56 0.790535 0.851081 0.0470228 0.106571 0.635017
60 0.883899 0.949204 0.231054 0.100694 0.576552
0 0.525811 0.59798 0.171186 0.200128 0.523211
63 0.627919 0.744019 0.148722 0.0996211 0.42688
0 0.63777 0.64753 0.0783134 0.0887235 0.393278
0 0.570672 0.646095 0.259882 0.299311 0.370409
63 0.971439 0.881714 0.0563251 0.0606168 0.354571
0 0.653833 0.670747 0.110376 0.134113 0.315055
56 0.0545792 0.968192 0.106955 0.0627963 0.279597
56 0.758099 0.765449 0.109616 0.0604019 0.260818
