0 0.420573 0.57228 0.772573 0.854063 0.937087
0 0.903001 0.715731 0.193263 0.422337 0.879293
0 0.526075 0.5997 0.159064 0.196071 0.69459
0 0.0251165 0.640522 0.0500719 0.115257 0.682258
60 0.887488 0.948579 0.224069 0.101884 0.613024
56 0.792045 0.851856 0.0492252 0.107868 0.612151
0 0.756856 0.686225 0.100681 0.11883 0.499298
63 0.658257 0.705426 0.10471 0.0746979 0.476432
63 0.610051 0.73993 0.183634 0.0928627 0.442394
0 0.650241 0.648635 0.0835461 0.0892293 0.417046
0 0.659758 0.672994 0.103989 0.136712 0.36121
63 0.971302 0.900924 0.0564823 0.0991674 0.33971
0 0.757337 0.71221 0.108449 0.167898 0.338243
63 0.971367 0.883053 0.0560125 0.061602 0.329393
