0 0.563682 0.583545 0.691277 0.831441 0.94675
0 0.906753 0.715419 0.185581 0.421935 0.883216
0 0.758568 0.687358 0.0968943 0.120486 0.717224
0 0.201793 0.681906 0.110793 0.100973 0.709753
60 0.938504 0.95761 0.12159 0.0839699 0.665821
0 0.0284648 0.625031 0.0567766 0.158827 0.583339
0 0.272696 0.675411 0.131825 0.164046 0.492224
28 0.109392 0.902808 0.217882 0.1913 0.406416
56 0.0548361 0.968513 0.10719 0.0622039 0.389258
0 0.640204 0.637895 0.0545815 0.0763658 0.383151
63 0.652498 0.738704 0.0985661 0.0898285 0.367613
0 0.06812 0.663123 0.135568 0.238212 0.344509
63 0.971295 0.881581 0.0566151 0.0613139 0.290114
24 0.110178 0.90255 0.220355 0.191835 0.27985
56 0.652369 0.738744 0.0983889 0.0903328 0.275613
0 0.292884 0.674619 0.0941992 0.161954 0.267985
