0 0.583867 0.617802 0.659664 0.761748 0.938834
0 0.905765 0.717291 0.187706 0.418953 0.862604
0 0.201695 0.682615 0.110519 0.102719 0.764586
0 0.290718 0.675387 0.150428 0.165012 0.749632
0 0.757375 0.687601 0.0967902 0.123139 0.718165
60 0.939595 0.95769 0.11983 0.0827671 0.685919
0 0.0308645 0.627156 0.0612515 0.151326 0.571051
0 0.0684822 0.666419 0.136349 0.231626 0.50886
56 0.0545497 0.968644 0.106747 0.0619146 0.45003
24 0.111477 0.901635 0.222926 0.196515 0.413431
56 0.755761 0.821053 0.119658 0.0554634 0.353969
63 0.971204 0.885059 0.0567604 0.0634664 0.324157
