0 0.584405 0.621877 0.655361 0.754223 0.932492
0 0.904529 0.71643 0.190015 0.422817 0.89367
0 0.201914 0.682316 0.110766 0.100068 0.767319
60 0.93742 0.957223 0.123906 0.0847448 0.667739
0 0.75354 0.688086 0.0867924 0.122224 0.575475
0 0.0339237 0.630726 0.067488 0.152947 0.561039
0 0.280738 0.676342 0.174094 0.162078 0.543437
0 0.067675 0.668456 0.134804 0.229369 0.433896
56 0.0548418 0.968656 0.10713 0.0619118 0.408307
24 0.111244 0.901631 0.222238 0.195545 0.374479
0 0.350673 0.680076 0.0435091 0.0535416 0.311828
0 0.0662225 0.728328 0.131824 0.109896 0.271966
56 0.755476 0.819709 0.120109 0.0537042 0.256506
