0 0.490673 0.624238 0.500862 0.749816 0.780511
0 0.20131 0.680549 0.110965 0.099095 0.759127
67 0.821007 0.721574 0.298756 0.554345 0.750319
0 0.279937 0.674933 0.140961 0.161931 0.632669
0 0.968647 0.735112 0.0618336 0.453335 0.494108
56 0.054827 0.968116 0.107105 0.0629753 0.463736
0 0.0342804 0.628315 0.0681964 0.153652 0.461097
24 0.111268 0.900967 0.222469 0.198067 0.456143
0 0.0677208 0.665376 0.134876 0.228811 0.451676
0 0.620746 0.627671 0.753195 0.742398 0.334677
0 0.33041 0.80041 0.110922 0.198846 0.329519
28 0.111494 0.900008 0.222393 0.198223 0.26489
