0 0.573089 0.625966 0.657107 0.746073 0.942949
0 0.905259 0.717862 0.188521 0.421973 0.902724
60 0.933358 0.955802 0.132083 0.0875549 0.701751
0 0.201806 0.684513 0.111339 0.103231 0.622225
0 0.0342794 0.629765 0.0683872 0.151499 0.582837
0 0.752808 0.687357 0.0928799 0.119072 0.564255
0 0.265673 0.677036 0.142299 0.163028 0.54068
0 0.0672667 0.667338 0.133964 0.22849 0.487527
56 0.755923 0.817515 0.120053 0.0488111 0.45387
56 0.0544725 0.968677 0.107823 0.0618177 0.443491
24 0.111588 0.902159 0.223176 0.195343 0.441119
56 0.671794 0.754617 0.0598055 0.121058 0.400143
0 0.329124 0.806305 0.112774 0.191593 0.326716
27 0.462641 0.984236 0.0996916 0.030717 0.29278
0 0.214955 0.678438 0.0852401 0.0909279 0.284398
