0 0.570231 0.624292 0.654238 0.749362 0.94456
0 0.905492 0.71929 0.18809 0.417649 0.890707
0 0.200908 0.682197 0.112332 0.102214 0.717782
0 0.751082 0.683791 0.0912399 0.116522 0.704605
60 0.931801 0.95463 0.134995 0.0899114 0.702565
0 0.033924 0.628696 0.0675219 0.150899 0.604265
0 0.269118 0.675033 0.13833 0.162265 0.581702
56 0.669729 0.753808 0.0641598 0.122065 0.488797
24 0.111199 0.901782 0.22204 0.195855 0.448831
56 0.0543295 0.968328 0.106609 0.0625502 0.443642
63 0.682535 0.702154 0.0536481 0.0684307 0.394708
0 0.328856 0.808473 0.113254 0.186556 0.368854
56 0.755294 0.817102 0.119968 0.0530095 0.352832
56 0.0657325 0.727823 0.13111 0.110466 0.336528
0 0.660962 0.643643 0.0322699 0.0883965 0.309374
0 0.0668394 0.66703 0.133044 0.228638 0.30836
