0 0.570474 0.627724 0.652481 0.742562 0.943265
0 0.903737 0.719801 0.191566 0.424119 0.904083
0 0.753725 0.68536 0.0862164 0.11637 0.730527
60 0.932995 0.956164 0.132685 0.0868521 0.692
0 0.201089 0.683043 0.111389 0.101415 0.69026
0 0.0334124 0.628366 0.0664476 0.148918 0.680463
0 0.266546 0.676405 0.134807 0.162897 0.525882
24 0.111539 0.901382 0.222807 0.196988 0.417639
56 0.0658127 0.727847 0.130936 0.106574 0.379114
56 0.054597 0.968551 0.106795 0.0621176 0.378406
0 0.67973 0.647925 0.0389142 0.0781898 0.350377
56 0.675034 0.755943 0.0535128 0.123958 0.283046
0 0.328128 0.781637 0.115662 0.243875 0.256095
