67 0.790468 0.572096 0.360576 0.570263 0.935765
0 0.608086 0.626924 0.722061 0.744448 0.843601
0 0.201217 0.680932 0.111712 0.0989764 0.762221
0 0.280277 0.674615 0.13229 0.163 0.729017
0 0.0325646 0.62798 0.0647488 0.150873 0.631862
0 0.936923 0.723535 0.125172 0.440013 0.524503
24 0.111488 0.901783 0.222916 0.196434 0.458048
56 0.054701 0.967852 0.10734 0.0634893 0.373271
56 0.0671074 0.726391 0.133547 0.108318 0.341828
27 0.455165 0.982787 0.101432 0.0335826 0.294318
0 0.903124 0.640462 0.192939 0.615243 0.269747
0 0.326926 0.805368 0.117357 0.193704 0.251906
