67 0.78897 0.564771 0.366574 0.568427 0.938162
0 0.607917 0.627633 0.724593 0.743834 0.871073
0 0.285632 0.676125 0.142895 0.164781 0.701438
0 0.0338978 0.629158 0.0674176 0.146937 0.683935
0 0.201407 0.682406 0.111186 0.0999695 0.681142
56 0.0549805 0.968855 0.107617 0.0614657 0.47206
0 0.932601 0.724325 0.133907 0.446458 0.465735
24 0.11146 0.902535 0.222919 0.194586 0.450795
56 0.0677708 0.728797 0.134853 0.105908 0.37787
27 0.435818 0.982091 0.141594 0.0349445 0.370291
0 0.899918 0.636142 0.199335 0.635714 0.263166
