0 0.575376 0.627916 0.660663 0.740947 0.928379
0 0.904292 0.719344 0.19046 0.425314 0.883873
0 0.0317889 0.635581 0.063233 0.131686 0.754335
0 0.201434 0.682627 0.110484 0.0996175 0.741644
0 0.752387 0.684108 0.0917818 0.118326 0.732842
0 0.284007 0.675326 0.157108 0.162698 0.638931
60 0.930647 0.955323 0.137621 0.0878789 0.599375
0 0.659686 0.638162 0.0333794 0.069813 0.514374
24 0.111521 0.90129 0.222545 0.196026 0.433898
27 0.441817 0.987975 0.138968 0.023173 0.36976
56 0.664598 0.755178 0.0735655 0.125127 0.338624
63 0.676069 0.702866 0.0658 0.0701441 0.332135
56 0.0543777 0.968189 0.107155 0.0626396 0.261622
