0 0.658983 0.55924 0.6805 0.878287 0.92951
0 0.293135 0.67754 0.149022 0.163391 0.809214
0 0.198874 0.684093 0.102515 0.103295 0.795733
0 0.422227 0.704365 0.274896 0.401442 0.776022
0 0.0206035 0.645667 0.040984 0.118341 0.464956
0 0.0673162 0.684225 0.134168 0.197429 0.421227
28 0.111377 0.90306 0.221853 0.191976 0.411831
0 0.488215 0.586926 0.142702 0.16728 0.34414
0 0.356107 0.682076 0.0482072 0.0557086 0.298478
56 0.0544877 0.969156 0.107678 0.0607307 0.287409
0 0.330727 0.812661 0.0935394 0.181903 0.252814
