0 0.612465 0.539031 0.768189 0.917711 0.957853
0 0.198862 0.681778 0.102221 0.102252 0.815119
0 0.297364 0.67505 0.15797 0.162403 0.808321
0 0.48637 0.597946 0.132062 0.195469 0.795207
0 0.0211423 0.634871 0.0417978 0.131816 0.601242
0 0.926973 0.702845 0.145177 0.381531 0.520065
56 0.0549301 0.968344 0.107329 0.0625308 0.518393
0 0.958593 0.701723 0.0820202 0.377746 0.37158
0 0.067265 0.674418 0.134006 0.214668 0.328122
24 0.110273 0.901989 0.220547 0.192196 0.275032
56 0.0655027 0.727497 0.130854 0.110975 0.271523
