0 0.578212 0.499792 0.839842 0.995225 0.95189
0 0.197804 0.682528 0.102988 0.103754 0.753307
56 0.0544558 0.968755 0.107862 0.0617237 0.665099
0 0.279539 0.674952 0.120891 0.163751 0.642941
0 0.0644987 0.668088 0.12851 0.227025 0.575399
0 0.351049 0.677336 0.0416235 0.0508879 0.500493
0 0.940549 0.626224 0.117803 0.232059 0.47881
0 0.964113 0.626126 0.0708839 0.231628 0.394253
56 0.101389 0.901981 0.201803 0.193175 0.383814
0 0.0172328 0.627455 0.0340365 0.146318 0.362158
63 0.211261 0.735586 0.0481171 0.0374761 0.255416
