0 0.663002 0.550654 0.670761 0.89539 0.955633
0 0.199265 0.680599 0.10182 0.103601 0.780468
0 0.421623 0.70126 0.272461 0.401897 0.718695
0 0.296781 0.674219 0.156407 0.16458 0.624088
0 0.0206811 0.641462 0.0410886 0.116039 0.551374
0 0.487382 0.581068 0.139722 0.160621 0.384908
0 0.0685153 0.682141 0.13667 0.200232 0.377065
0 0.333806 0.800227 0.096662 0.200592 0.345042
56 0.0545806 0.967797 0.10768 0.063399 0.306358
56 0.0675422 0.73259 0.134621 0.0973283 0.277654
24 0.111065 0.902255 0.222107 0.195262 0.273309
0 0.356025 0.678378 0.0513462 0.0561034 0.261136
