0 0.654111 0.556971 0.689352 0.883588 0.956492
0 0.294194 0.675134 0.15339 0.16454 0.846181
0 0.198622 0.682295 0.102023 0.104943 0.745247
0 0.0207222 0.642325 0.0410552 0.11649 0.551625
0 0.355477 0.679375 0.0462983 0.054069 0.479814
56 0.0547098 0.968892 0.107274 0.0614405 0.426158
24 0.110538 0.903234 0.221077 0.192789 0.373785
56 0.0664458 0.727055 0.132734 0.11221 0.334911
63 0.21087 0.732706 0.0475218 0.0390406 0.328145
0 0.0676597 0.681349 0.134789 0.201011 0.315607
28 0.111388 0.902711 0.222093 0.192718 0.285345
