0 0.622811 0.505525 0.749863 0.985514 0.958471
0 0.201639 0.679449 0.112453 0.098968 0.778791
0 0.484496 0.580767 0.0984534 0.168926 0.756857
0 0.924653 0.710771 0.149621 0.40495 0.686696
0 0.296103 0.673732 0.154427 0.164937 0.680655
0 0.021254 0.638367 0.0422508 0.123264 0.606282
24 0.111767 0.900932 0.223534 0.197482 0.447681
56 0.0546564 0.967634 0.10741 0.0639636 0.364507
28 0.111918 0.900968 0.223192 0.197027 0.316637
56 0.0672872 0.727827 0.134063 0.104746 0.291879
0 0.0684447 0.677338 0.136234 0.205336 0.26421
