0 0.623152 0.503884 0.740643 0.989282 0.959223
0 0.201873 0.680871 0.111353 0.0993591 0.790145
0 0.480281 0.585137 0.0993959 0.169898 0.770276
0 0.292881 0.674399 0.149339 0.165161 0.768793
0 0.924722 0.741818 0.14971 0.455445 0.662008
24 0.111098 0.901833 0.222196 0.195964 0.37566
0 0.0677206 0.675931 0.134854 0.208687 0.371549
0 0.0206579 0.63712 0.0408779 0.127807 0.358951
56 0.0549836 0.967952 0.107605 0.063312 0.322204
28 0.111527 0.901382 0.221497 0.194797 0.289599
0 0.35583 0.678908 0.0486473 0.0565117 0.252636
