0 0.626832 0.501027 0.739548 0.994445 0.956574
0 0.296133 0.674686 0.154528 0.165047 0.805039
0 0.202051 0.68008 0.110765 0.0983632 0.801019
0 0.479659 0.585654 0.0997328 0.168906 0.746902
0 0.926378 0.738891 0.146386 0.456344 0.578101
28 0.1115 0.899749 0.22252 0.196204 0.529753
0 0.0213916 0.633254 0.0425888 0.133339 0.529006
0 0.0681175 0.67439 0.134939 0.216633 0.400822
56 0.0551535 0.968113 0.107474 0.0630037 0.385604
24 0.111443 0.90058 0.220959 0.196831 0.297577
28 0.0546398 0.967856 0.108576 0.0629584 0.266328
