0 0.626319 0.50094 0.740614 0.994464 0.957643
0 0.201709 0.679682 0.112504 0.0995148 0.783954
0 0.294741 0.673544 0.155321 0.16515 0.774287
0 0.47679 0.583727 0.0944487 0.167698 0.724795
0 0.02148 0.629255 0.0426927 0.138028 0.622598
0 0.926023 0.744881 0.147247 0.476522 0.607973
0 0.0688354 0.669713 0.137055 0.218958 0.354756
56 0.0546566 0.967347 0.106939 0.064532 0.354488
24 0.111601 0.900211 0.223202 0.198394 0.309274
28 0.111868 0.900275 0.222989 0.197961 0.293075
28 0.0543403 0.96714 0.107975 0.0644489 0.270155
