0 0.598256 0.51283 0.801046 0.971127 0.95422
0 0.298215 0.674288 0.161545 0.164301 0.836607
0 0.200862 0.673967 0.112115 0.118939 0.835786
0 0.927345 0.729783 0.144454 0.438361 0.733863
0 0.458159 0.591793 0.0600179 0.145878 0.525589
0 0.0204638 0.638162 0.0404562 0.121048 0.432061
56 0.0541608 0.967314 0.10763 0.0642541 0.399432
0 0.0676358 0.678175 0.134699 0.206599 0.302042
24 0.111217 0.90177 0.222434 0.195288 0.301356
0 0.450797 0.604313 0.0735309 0.164278 0.298305
28 0.11112 0.901617 0.221711 0.1949 0.263365
