0 0.598318 0.513504 0.800201 0.969692 0.956633
0 0.924973 0.730465 0.14921 0.442903 0.839514
0 0.20418 0.670532 0.112864 0.12381 0.815177
0 0.296173 0.673762 0.155465 0.163802 0.811834
0 0.460418 0.590207 0.0647943 0.155265 0.554992
0 0.0202423 0.640862 0.0400253 0.121933 0.481289
24 0.109431 0.902284 0.218863 0.194313 0.377374
0 0.0680455 0.679302 0.135671 0.205244 0.34336
0 0.357023 0.678827 0.0504721 0.0550106 0.325287
28 0.109496 0.902336 0.218225 0.194024 0.282165
56 0.0543589 0.968105 0.108079 0.0627956 0.272934
