0 0.594932 0.525758 0.805526 0.944025 0.945197
0 0.199078 0.679746 0.103097 0.10528 0.826617
0 0.294235 0.674154 0.151699 0.163551 0.803123
0 0.461435 0.585094 0.0765659 0.162194 0.545795
56 0.0543916 0.968246 0.107655 0.0627129 0.514595
0 0.953586 0.676792 0.0919323 0.342467 0.400174
0 0.0207277 0.640503 0.0409386 0.121727 0.395179
24 0.108179 0.900869 0.216359 0.19065 0.372625
0 0.0661502 0.679123 0.131914 0.203024 0.36681
28 0.107414 0.901706 0.213913 0.191598 0.320733
0 0.452237 0.597245 0.0950528 0.186854 0.294777
