0 0.596041 0.524791 0.804188 0.945748 0.953169
0 0.198977 0.67997 0.104 0.105522 0.810766
0 0.948048 0.688302 0.103101 0.356118 0.655421
0 0.458032 0.58598 0.0747677 0.168445 0.577132
0 0.278906 0.674058 0.12137 0.163189 0.566664
56 0.0545603 0.968133 0.106897 0.0629922 0.447629
0 0.0681155 0.67881 0.135573 0.20198 0.423864
0 0.0202927 0.640183 0.0401532 0.120744 0.379506
24 0.110261 0.900519 0.220521 0.193308 0.311754
28 0.109495 0.901236 0.218051 0.193336 0.269188
0 0.355762 0.696675 0.0560933 0.0904422 0.254276
