0 0.592513 0.524163 0.797641 0.948016 0.943366
0 0.199016 0.679106 0.103014 0.106071 0.819697
0 0.295364 0.674042 0.155255 0.164038 0.787172
0 0.944918 0.731888 0.109288 0.447025 0.640632
0 0.461203 0.585733 0.0822821 0.171598 0.59949
0 0.0201984 0.638252 0.0398825 0.121931 0.439998
0 0.0676348 0.679026 0.13487 0.205106 0.346998
24 0.10664 0.899963 0.213281 0.192349 0.330369
56 0.0549064 0.967972 0.109022 0.0632015 0.28713
28 0.107082 0.901023 0.21316 0.193526 0.278522
67 0.761368 0.422356 0.0809031 0.134126 0.257982
