0 0.592672 0.515188 0.808213 0.966791 0.943593
0 0.198769 0.680099 0.102851 0.107144 0.816912
0 0.925525 0.716253 0.147964 0.407852 0.808102
0 0.294011 0.674539 0.152601 0.163221 0.796077
0 0.469685 0.58547 0.104875 0.168848 0.683957
0 0.0197768 0.640778 0.0390453 0.122596 0.550789
24 0.109695 0.90121 0.219389 0.19335 0.33721
63 0.211768 0.732844 0.0450624 0.0381064 0.322249
28 0.109054 0.901888 0.217137 0.19306 0.311146
0 0.0673096 0.679744 0.134079 0.205746 0.294935
56 0.0541507 0.967947 0.10717 0.0631302 0.269223
