0 0.591214 0.521102 0.80309 0.955136 0.94494
0 0.198777 0.679388 0.104035 0.106311 0.834228
0 0.2984 0.673944 0.159391 0.163349 0.79304
0 0.949963 0.729558 0.0992073 0.436955 0.780188
0 0.46256 0.585909 0.0848345 0.168149 0.599982
0 0.0204492 0.638497 0.0404149 0.121083 0.501926
56 0.0549642 0.967852 0.107705 0.0635078 0.462106
0 0.0672382 0.678281 0.133959 0.205535 0.382829
24 0.108492 0.900433 0.216984 0.18999 0.364243
28 0.107656 0.901511 0.214459 0.19106 0.326574
63 0.211858 0.732638 0.0457642 0.0367404 0.268609
