0 0.505018 0.541517 0.777121 0.913793 0.920209
0 0.905826 0.720707 0.187428 0.421052 0.875931
0 0.199031 0.68058 0.102308 0.10606 0.815026
0 0.779505 0.698231 0.0845886 0.158445 0.771119
0 0.513245 0.566721 0.0898527 0.129764 0.579596
56 0.0547514 0.968462 0.107018 0.0622726 0.569099
0 0.0201713 0.639633 0.039857 0.120275 0.511017
0 0.58168 0.629265 0.0377636 0.0252655 0.411658
0 0.0683343 0.679112 0.136233 0.202144 0.348683
28 0.0914927 0.90081 0.182373 0.195576 0.286461
56 0.0677404 0.729737 0.135481 0.105202 0.280617
