0 0.477285 0.542023 0.838452 0.911908 0.910528
0 0.903248 0.717408 0.192503 0.416843 0.896307
0 0.778733 0.702505 0.0857438 0.16831 0.81806
0 0.509291 0.571806 0.101892 0.142263 0.735488
0 0.581362 0.631646 0.0380669 0.0301072 0.622849
0 0.0201231 0.639009 0.0398035 0.120692 0.506026
56 0.0545312 0.967891 0.106413 0.0634326 0.380166
41 0.971368 0.925283 0.0563601 0.0551434 0.35357
0 0.192266 0.682094 0.0911076 0.100506 0.328928
28 0.091891 0.900339 0.182825 0.195573 0.29897
60 0.926062 0.954681 0.144673 0.0890849 0.298177
