0 0.521379 0.565378 0.752171 0.865716 0.940742
0 0.90525 0.717997 0.188523 0.416686 0.93161
0 0.198073 0.680612 0.102768 0.104418 0.809261
0 0.766831 0.695148 0.108919 0.152253 0.739088
60 0.934327 0.95711 0.130248 0.0842883 0.657041
0 0.0198926 0.640417 0.0393198 0.120965 0.615231
56 0.0545165 0.968804 0.107206 0.0616065 0.594387
0 0.532732 0.574676 0.0507525 0.104091 0.581131
0 0.58231 0.644528 0.0381888 0.0527758 0.569435
0 0.269587 0.712525 0.105657 0.0882289 0.52609
56 0.0967526 0.902017 0.192572 0.192915 0.295975
63 0.211131 0.734791 0.0462475 0.0354614 0.281806
56 0.067066 0.733268 0.133877 0.0986011 0.253196
