0 0.530631 0.556992 0.757323 0.883047 0.941024
0 0.907117 0.719055 0.184946 0.410595 0.911434
0 0.198657 0.679784 0.104069 0.105032 0.817225
0 0.771473 0.695386 0.100117 0.153529 0.775153
56 0.0543332 0.967889 0.107663 0.0634252 0.70104
0 0.289532 0.673827 0.141106 0.162891 0.684855
60 0.938046 0.957999 0.122967 0.0824491 0.592426
0 0.0199822 0.638798 0.0395062 0.119051 0.506954
0 0.0677258 0.678466 0.134812 0.203596 0.333834
56 0.100405 0.900823 0.200098 0.19502 0.307062
28 0.100681 0.900148 0.200899 0.195277 0.250543
