0 0.525674 0.559304 0.745328 0.879095 0.951426
0 0.905618 0.719199 0.187653 0.422599 0.896927
0 0.198728 0.681268 0.103095 0.105734 0.820178
0 0.292937 0.675264 0.150355 0.16339 0.812878
0 0.76486 0.68318 0.112809 0.128234 0.803783
60 0.935688 0.958387 0.127457 0.0823535 0.646756
56 0.0543799 0.968728 0.106662 0.0617427 0.590374
0 0.0205916 0.640477 0.0406883 0.121193 0.575985
56 0.0645312 0.727377 0.12859 0.107077 0.323901
0 0.0665903 0.679215 0.132534 0.204532 0.281371
56 0.100185 0.901919 0.199597 0.193419 0.275663
