0 0.523566 0.55638 0.741805 0.885045 0.949276
0 0.904731 0.717546 0.189585 0.416698 0.928163
0 0.199362 0.679197 0.103536 0.104002 0.831021
0 0.294311 0.673981 0.153088 0.163068 0.805708
56 0.0539049 0.968061 0.107074 0.0630583 0.710877
60 0.93343 0.956124 0.132255 0.0861102 0.667963
0 0.764796 0.680666 0.113431 0.126329 0.636107
0 0.0203058 0.639773 0.0401792 0.118847 0.506519
56 0.0996653 0.901103 0.198681 0.194357 0.367645
0 0.0683837 0.678103 0.136135 0.201819 0.331142
63 0.211354 0.731711 0.0442386 0.0349394 0.281199
