0 0.547216 0.554788 0.782773 0.886141 0.948961
0 0.198652 0.679754 0.102954 0.103724 0.827998
0 0.29483 0.67405 0.156395 0.162219 0.824638
0 0.948969 0.715179 0.101185 0.407823 0.729671
56 0.0542983 0.968136 0.106699 0.0628822 0.667931
0 0.0200841 0.640671 0.0396783 0.120251 0.479693
63 0.211559 0.731861 0.0444553 0.0366875 0.421228
56 0.100419 0.901051 0.20011 0.193726 0.381819
0 0.0685211 0.678821 0.13646 0.201224 0.360559
60 0.956386 0.949215 0.0860035 0.100449 0.342602
24 0.100636 0.900604 0.201272 0.194727 0.252089
