0 0.540943 0.555525 0.761609 0.884854 0.903209
0 0.297368 0.674021 0.158473 0.162422 0.832528
0 0.199102 0.679586 0.102971 0.104425 0.829061
0 0.945863 0.71415 0.107075 0.411802 0.711556
56 0.0542231 0.968423 0.106112 0.0623556 0.639064
0 0.0199813 0.64033 0.0394397 0.115961 0.569486
63 0.211916 0.733315 0.0456302 0.0363991 0.349452
56 0.100386 0.899924 0.199848 0.194687 0.296656
60 0.954554 0.950024 0.0894754 0.0988088 0.295488
0 0.0673022 0.679439 0.133958 0.203151 0.288888
24 0.100718 0.899091 0.201436 0.194008 0.287815
0 0.80305 0.741564 0.255837 0.513194 0.278528
