0 0.559872 0.558479 0.753599 0.878866 0.944756
0 0.299318 0.67423 0.162006 0.162006 0.849698
0 0.198984 0.679457 0.10311 0.103589 0.832094
0 0.959226 0.710958 0.0807789 0.40263 0.777922
28 0.104501 0.901185 0.208113 0.192438 0.622563
56 0.0543781 0.96812 0.10625 0.0629901 0.556451
0 0.0197246 0.640411 0.0389468 0.118129 0.556169
60 0.956809 0.949479 0.0851385 0.0999646 0.336322
56 0.0660944 0.728067 0.131748 0.103197 0.304964
0 0.442606 0.580104 0.0393202 0.125678 0.285792
74 0.706279 0.945306 0.116604 0.108921 0.284375
