0 0.570238 0.555163 0.752194 0.886062 0.938259
0 0.198691 0.679409 0.103077 0.103811 0.833884
0 0.282885 0.673359 0.129596 0.160277 0.731643
0 0.0208816 0.637695 0.0414938 0.123492 0.574818
28 0.101099 0.899839 0.201589 0.190923 0.547364
0 0.929256 0.715396 0.140368 0.411558 0.539029
0 0.449701 0.589052 0.0548184 0.156039 0.488807
56 0.0543278 0.968164 0.106137 0.0629714 0.382823
0 0.866092 0.715004 0.266876 0.416487 0.344692
67 0.762824 0.641913 0.0416443 0.0471392 0.339735
0 0.349518 0.674153 0.0372122 0.0466338 0.328616
28 0.0538942 0.967912 0.10727 0.0630472 0.320875
0 0.0666537 0.677563 0.132597 0.20874 0.285761
