0 0.908305 0.714697 0.18248 0.417565 0.922769
0 0.534892 0.55324 0.778362 0.890282 0.922511
0 0.19852 0.679439 0.102528 0.104453 0.837788
0 0.764972 0.683269 0.112713 0.131913 0.835
56 0.0544108 0.968042 0.106713 0.0630819 0.675788
60 0.94798 0.958853 0.102976 0.0806366 0.493516
0 0.020181 0.639042 0.0400186 0.120467 0.422967
0 0.0666707 0.67759 0.132866 0.201622 0.418391
63 0.211747 0.731366 0.0460348 0.0353452 0.309054
56 0.0637835 0.725202 0.127274 0.107478 0.296913
56 0.100573 0.900576 0.200254 0.195113 0.275579
