0 0.532359 0.553812 0.775497 0.889064 0.925192
0 0.908758 0.715296 0.181146 0.415314 0.860731
0 0.198791 0.680836 0.102174 0.104001 0.84228
0 0.765093 0.687636 0.113252 0.135767 0.823766
56 0.0545136 0.968729 0.106506 0.0617271 0.587414
0 0.0198281 0.637444 0.0392145 0.129934 0.558484
60 0.945951 0.960662 0.106723 0.0777728 0.543442
28 0.100356 0.90082 0.200712 0.192 0.400378
0 0.0668901 0.676435 0.133175 0.210178 0.370772
67 0.421932 0.488657 0.0344713 0.157179 0.306845
56 0.0657317 0.730008 0.131463 0.104084 0.283842
