0 0.622022 0.523054 0.751512 0.948534 0.954635
0 0.50618 0.577125 0.131799 0.163177 0.81793
0 0.201807 0.680852 0.111413 0.0994034 0.804746
0 0.295257 0.673755 0.153883 0.165301 0.784841
0 0.0209513 0.639785 0.0415314 0.121042 0.489958
56 0.0548267 0.967461 0.106992 0.0642923 0.428154
0 0.94929 0.670031 0.100684 0.376741 0.316746
24 0.110439 0.900196 0.220834 0.196308 0.315908
0 0.918466 0.684105 0.162349 0.408835 0.314418
28 0.110534 0.900037 0.220514 0.195485 0.304242
0 0.0685008 0.676748 0.136353 0.204525 0.297401
56 0.0681787 0.730935 0.13603 0.0990404 0.251423
