0 0.554518 0.54932 0.729975 0.89802 0.946567
0 0.908704 0.718111 0.181495 0.418644 0.879084
0 0.273338 0.674713 0.112787 0.162902 0.859834
0 0.765597 0.68567 0.112366 0.132725 0.822282
0 0.020361 0.63846 0.0403735 0.120595 0.675046
0 0.183775 0.680291 0.070502 0.104105 0.596735
60 0.945568 0.960449 0.107643 0.0782326 0.544456
67 0.483806 0.542748 0.0866291 0.18255 0.537961
56 0.0545562 0.9683 0.106455 0.0626615 0.401434
0 0.199252 0.680306 0.101337 0.10503 0.358282
24 0.106554 0.900858 0.213108 0.194788 0.282683
67 0.40118 0.448845 0.0289207 0.0818603 0.271127
0 0.0682462 0.67751 0.135971 0.203715 0.266589
