0 0.55456 0.549515 0.727574 0.897755 0.943931
0 0.907635 0.713517 0.183571 0.418811 0.872523
0 0.0623529 0.606466 0.0761086 0.182167 0.849086
0 0.765313 0.686505 0.112543 0.135722 0.828733
0 0.278143 0.67254 0.103316 0.158676 0.816609
0 0.199205 0.680211 0.101801 0.102155 0.810878
60 0.945576 0.959931 0.107566 0.0786842 0.570858
0 0.0660928 0.677338 0.131804 0.205456 0.554168
56 0.0541961 0.96855 0.106523 0.0621394 0.437159
0 0.0202421 0.638795 0.0399049 0.12185 0.38283
24 0.106451 0.900531 0.212902 0.191874 0.272042
28 0.106581 0.901554 0.212196 0.192488 0.253457
