0 0.554751 0.550689 0.729799 0.895063 0.947031
0 0.912499 0.714913 0.173837 0.415353 0.853552
0 0.149186 0.621593 0.0899226 0.200832 0.835746
0 0.27852 0.673604 0.120496 0.160279 0.805473
0 0.765257 0.68458 0.113344 0.1321 0.803796
0 0.198552 0.679979 0.102198 0.103032 0.676659
0 0.0205207 0.640523 0.040809 0.118045 0.672081
60 0.945657 0.960646 0.107307 0.0778486 0.618308
56 0.0544918 0.968577 0.106271 0.0620763 0.526784
0 0.063919 0.680504 0.127397 0.201603 0.351741
24 0.107703 0.902488 0.215406 0.194069 0.34312
0 0.184071 0.681254 0.0720432 0.102812 0.26249
