0 0.555567 0.550771 0.726212 0.895754 0.941422
0 0.913655 0.715473 0.171771 0.41701 0.913563
0 0.765436 0.686899 0.112323 0.13725 0.831336
0 0.222187 0.60847 0.0794078 0.179468 0.789203
0 0.278496 0.6728 0.114685 0.159751 0.769559
60 0.94611 0.960534 0.10637 0.0780511 0.652327
0 0.0205113 0.635676 0.0407872 0.127322 0.6279
56 0.054381 0.968299 0.106964 0.0626355 0.539043
0 0.185141 0.679927 0.0742409 0.104316 0.460176
28 0.104167 0.901011 0.207496 0.194171 0.400661
0 0.0682098 0.674578 0.13569 0.210033 0.314695
0 0.198427 0.676981 0.100868 0.108468 0.28882
