0 0.554817 0.550667 0.729009 0.895147 0.944104
0 0.907115 0.71701 0.185003 0.420508 0.918463
0 0.765323 0.683434 0.11298 0.129992 0.819123
0 0.198146 0.680587 0.0986059 0.104255 0.793674
0 0.282174 0.671109 0.102635 0.1596 0.724189
60 0.945851 0.959841 0.107315 0.0791913 0.649214
0 0.020436 0.637369 0.0406127 0.126207 0.604704
28 0.105749 0.900438 0.210501 0.193835 0.528928
56 0.0544233 0.968483 0.106246 0.0623042 0.478244
0 0.270303 0.635237 0.0585989 0.126461 0.397549
0 0.0684414 0.676907 0.136385 0.207891 0.341522
