0 0.555021 0.551371 0.726536 0.893609 0.946907
0 0.907471 0.715039 0.184282 0.413521 0.881493
0 0.277658 0.673926 0.121261 0.161683 0.838937
0 0.199022 0.679909 0.100568 0.103496 0.827203
0 0.76474 0.686771 0.113629 0.13668 0.821919
0 0.0205999 0.642281 0.0409282 0.113063 0.612238
60 0.944725 0.959179 0.10951 0.0802156 0.583221
56 0.0544481 0.968426 0.106992 0.0624105 0.523783
28 0.105471 0.90122 0.209923 0.193487 0.372096
24 0.104979 0.900555 0.209958 0.192914 0.339139
67 0.4071 0.476415 0.0908384 0.227232 0.272933
0 0.0683757 0.681646 0.136051 0.200381 0.261633
