0 0.557172 0.548789 0.727258 0.900184 0.943411
0 0.909321 0.715901 0.180167 0.420254 0.868294
0 0.198993 0.680272 0.0995177 0.102467 0.813623
0 0.764743 0.681865 0.113313 0.126944 0.80396
0 0.277146 0.6729 0.111488 0.160646 0.698347
0 0.0207756 0.641261 0.0412872 0.117959 0.609528
60 0.946052 0.959713 0.106791 0.0789284 0.563171
56 0.0544421 0.968501 0.107913 0.0622592 0.475645
67 0.410692 0.45767 0.0905113 0.282252 0.418163
28 0.107258 0.902007 0.213677 0.193606 0.388166
24 0.106947 0.901864 0.213894 0.194119 0.308467
0 0.068532 0.680066 0.136513 0.201536 0.284432
