0 0.555895 0.548497 0.728594 0.899556 0.940941
0 0.90813 0.713114 0.182527 0.415232 0.866785
0 0.198874 0.680437 0.100741 0.102918 0.802952
0 0.274611 0.672908 0.112701 0.159963 0.780467
0 0.774703 0.684895 0.0931278 0.130703 0.669809
67 0.40338 0.463573 0.0771503 0.229663 0.591355
0 0.0206151 0.642521 0.0409456 0.116374 0.573393
60 0.946492 0.959407 0.105777 0.0796829 0.572092
56 0.0542253 0.968473 0.107424 0.062294 0.489867
0 0.0682487 0.681826 0.135974 0.199137 0.365602
24 0.106018 0.90172 0.212035 0.193648 0.292313
28 0.106548 0.902176 0.212172 0.193133 0.255619
