0 0.555976 0.549045 0.728946 0.897842 0.939357
0 0.907971 0.715096 0.18289 0.415857 0.866014
0 0.198707 0.679583 0.101036 0.104914 0.825367
0 0.274384 0.673762 0.114431 0.162018 0.824059
0 0.764723 0.683389 0.11332 0.130921 0.822016
60 0.946268 0.960369 0.106279 0.0777054 0.621069
56 0.0542663 0.968379 0.106847 0.0624949 0.562021
0 0.0204022 0.639585 0.0404228 0.120057 0.513472
0 0.068104 0.679431 0.1357 0.204131 0.311584
24 0.108079 0.901198 0.216157 0.194548 0.304556
28 0.107671 0.901573 0.214452 0.193574 0.297076
