0 0.562144 0.554398 0.717489 0.88729 0.950349
0 0.907623 0.716396 0.183512 0.410964 0.846841
0 0.764673 0.681651 0.112797 0.12566 0.830633
0 0.294784 0.673631 0.153288 0.162809 0.810202
0 0.199304 0.677822 0.100941 0.106374 0.793464
60 0.946779 0.959785 0.10523 0.0788701 0.65024
28 0.10813 0.900907 0.215228 0.194459 0.530932
56 0.0546601 0.967874 0.106826 0.0634659 0.471508
0 0.020429 0.639745 0.0404178 0.120877 0.460362
0 0.442783 0.593027 0.0471593 0.139119 0.446643
0 0.0684692 0.678424 0.136476 0.2023 0.336143
