0 0.557685 0.553761 0.717276 0.889863 0.951137
0 0.199701 0.680624 0.10111 0.10502 0.818372
0 0.765906 0.679079 0.10842 0.118008 0.817959
0 0.298243 0.675409 0.160657 0.163412 0.811401
0 0.0206308 0.640686 0.0410181 0.119406 0.623864
0 0.909184 0.746801 0.180695 0.357689 0.612547
40 0.71475 0.979305 0.0957005 0.0405388 0.50251
27 0.496641 0.83262 0.0943829 0.0693723 0.458324
56 0.0541791 0.968874 0.105775 0.0615512 0.428408
0 0.683473 0.606665 0.061491 0.17054 0.405694
0 0.958705 0.735824 0.0816837 0.333997 0.392869
60 0.94668 0.960574 0.105352 0.0770075 0.387377
24 0.106563 0.901444 0.213126 0.191972 0.384179
63 0.210733 0.734617 0.0449679 0.032532 0.272559
