0 0.569296 0.541996 0.747407 0.913579 0.950446
0 0.199537 0.680273 0.103174 0.108774 0.800214
0 0.912574 0.746305 0.174376 0.352628 0.684554
0 0.7769 0.667175 0.0842555 0.0941204 0.683301
0 0.297884 0.674613 0.161457 0.163801 0.677298
56 0.0542656 0.968619 0.106344 0.0619935 0.521318
0 0.0210581 0.641955 0.0418686 0.11877 0.516552
56 0.0677538 0.728424 0.135347 0.109724 0.303397
0 0.95771 0.741112 0.0836746 0.341129 0.296862
0 0.0678295 0.681247 0.13524 0.202161 0.294507
60 0.962303 0.959256 0.0741896 0.0794645 0.279761
0 0.355468 0.692464 0.0557129 0.0820132 0.268222
28 0.10794 0.90284 0.214915 0.190963 0.261972
