0 0.609242 0.553855 0.702236 0.889695 0.942098
0 0.19948 0.677267 0.103012 0.108377 0.816695
0 0.0205138 0.644281 0.0407309 0.110122 0.646311
0 0.957497 0.72872 0.0840866 0.365252 0.449403
0 0.289746 0.672837 0.141611 0.163503 0.435218
0 0.934477 0.728084 0.129742 0.364882 0.393064
24 0.111692 0.901653 0.223384 0.196025 0.333544
60 0.966231 0.948108 0.0662813 0.101547 0.313617
0 0.323165 0.666743 0.0894571 0.148897 0.290978
67 0.862079 0.482142 0.126221 0.118207 0.290926
56 0.0546815 0.967991 0.107548 0.0630336 0.273365
