0 0.648964 0.533621 0.696995 0.930829 0.950293
0 0.292715 0.676487 0.148842 0.163855 0.796437
0 0.198442 0.683244 0.102346 0.103128 0.769506
0 0.421032 0.70097 0.272313 0.399142 0.645822
0 0.915195 0.617672 0.168541 0.244425 0.606974
0 0.0205537 0.644737 0.0408901 0.122905 0.481095
0 0.065971 0.681863 0.131114 0.202913 0.391314
0 0.356271 0.680564 0.0493639 0.0535698 0.320983
63 0.212178 0.73581 0.0475427 0.0375565 0.318016
56 0.0543375 0.968736 0.107375 0.0615423 0.292743
24 0.111133 0.903218 0.222266 0.19295 0.26961
